PWDR PG3_45598.gsa Bank 1 Mn3Ga  Reflection List 
   h   k   l   m   d-space       TOF       wid     Fo**2     Fc**2     Icorr      Prfo     Trans      ExtP      I100 
   1   0   0   6   4.68337 105693.65 1125.63904     1.451     1.287430918.174     0.028     0.016     6.620    94.225
   1   0   1  12   3.18994  72002.23 528.67233     3.577     3.413185489.612     0.042     0.019     4.509   100.000
   1   1   0   6   2.70395  61035.91 381.10871     4.535     4.602 47879.797     0.049     0.021     3.822    32.731
   2   0   0   6   2.34169  52860.81 286.13471     0.092     0.089 26932.386     0.057     0.024     3.310     0.374
   0   0   2   2   2.17841  49175.92 247.54461     0.441     0.337  6723.518     0.061     0.026     3.079     0.447
   2   0   1  12   2.06263  46563.01 221.77640     0.314     0.236 32424.956     0.065     0.027     2.916     1.537
   1   0   2  12   1.97519  44589.51 203.19450     1.235     1.193 27266.480     0.067     0.028     2.792     5.077
   2   1   0  12   1.77015  39961.57 162.60409     1.045     0.925 17588.497     0.075     0.032     2.502     2.770
   1   1   2  12   1.69637  38296.41 149.02814     4.403     4.286 14834.624     0.079     0.033     2.398     9.846
   2   1   1  24   1.63996  37023.03 139.01557     3.187     3.351 25914.999     0.081     0.035     2.318    12.448
   2   0   2  12   1.59497  36007.56 131.26106     0.075     0.052 11593.101     0.084     0.036     2.255     0.130
   3   0   0   6   1.56112  35243.61 125.56216     4.333     4.211  5319.977     0.085     0.037     2.207     3.475
   3   0   1  12   1.46963  33178.35 110.73805     0.006     0.017  8356.420     0.091     0.040     2.077     0.007
   1   0   3  12   1.38711  31315.77  98.10158     3.490     2.970  6631.895     0.096     0.043     1.961     3.489
   2   1   2  24   1.37378  31014.76  96.12500     1.072     0.870 12761.046     0.097     0.044     1.942     2.063
   2   2   0   6   1.35197  30522.56  92.93248     0.271     0.126  2992.487     0.099     0.045     1.911     0.122
   3   1   0  12   1.29893  29325.29  85.37198     0.898     1.055  5099.623     0.103     0.047     1.836     0.690
   3   0   2  12   1.26893  28647.95  81.22407     3.884     3.931  4644.482     0.105     0.049     1.794     2.719
   3   1   1  24   1.24479  28103.06  77.95546     2.819     2.835  8602.070     0.107     0.050     1.760     3.655
   2   0   3  12   1.23419  27863.80  76.53946     0.111     0.065  4156.403     0.108     0.050     1.745     0.069
   4   0   0   6   1.17084  26433.83  68.32327     0.010     0.015  1683.274     0.114     0.054     1.655     0.003
   2   2   2  12   1.14872  25934.52  65.55449     0.184     0.055  3119.274     0.116     0.056     1.624     0.086
   4   0   1  12   1.13072  25528.18  63.33976     0.056     0.036  2928.309     0.118     0.057     1.598     0.025
   2   1   3  24   1.12276  25348.44  62.37117     2.946     2.911  5693.392     0.119     0.058     1.587     2.528
   3   1   2  24   1.11565  25188.01  61.51235     0.905     0.984  5550.600     0.119     0.058     1.577     0.757
   0   0   4   2   1.08920  24590.91  58.36387     0.012     0.038   420.220     0.122     0.060     1.540     0.001
   3   2   0  12   1.07444  24257.59  56.63926     0.716     1.166  2387.358     0.124     0.061     1.519     0.258
   3   0   3  12   1.06331  24006.42  55.35537     0.009     0.012  2289.995     0.125     0.062     1.503     0.003
   1   0   4  12   1.06089  23951.76  55.07775     0.856     0.963  2269.207     0.126     0.062     1.500     0.293
   3   2   1  24   1.04319  23552.06  53.06727     2.537     2.454  4242.938     0.128     0.064     1.475     1.623
   4   0   2  12   1.03132  23284.13  51.73895     0.005     0.005  2026.560     0.129     0.065     1.458     0.001
   4   1   0  12   1.02200  23073.70  50.70657     3.865     3.515  1954.277     0.130     0.066     1.445     1.138
   1   1   4  12   1.01032  22810.02  49.42665     4.128     3.502  1866.458     0.132     0.067     1.428     1.161
   4   1   1  24   0.99499  22464.00  47.77017     0.007     0.011  3511.485     0.134     0.068     1.406     0.004
   2   0   4  12   0.98760  22297.15  46.98091     0.005     0.003  1704.155     0.135     0.069     1.396     0.001
   3   1   3  24   0.96817  21858.68  44.93624     2.580     2.493  3147.995     0.138     0.071     1.369     1.224
   3   2   2  24   0.96361  21755.56  44.46160     0.900     1.080  3089.002     0.138     0.072     1.362     0.419
   5   0   0   6   0.93667  21147.58  41.71231     0.512     0.599   689.469     0.142     0.075     1.324     0.053
   2   1   4  24   0.92766  20944.02  40.81073     0.775     0.730  2653.206     0.144     0.076     1.311     0.310
   4   1   2  24   0.92523  20889.30  40.56999     3.253     3.299  2625.582     0.144     0.076     1.308     1.287
   5   0   1  12   0.91575  20675.20  39.63484     2.467     2.735  1259.790     0.145     0.077     1.294     0.468
   4   0   3  12   0.91150  20579.37  39.21973     0.000     0.000  1236.593     0.146     0.078     1.288     0.000
   3   3   0   6   0.90132  20349.34  38.23210     2.943     3.211   591.109     0.148     0.079     1.274     0.262
   3   0   4  12   0.89327  20167.78  37.46148     3.445     3.234  1140.583     0.149     0.080     1.263     0.592
   4   2   0  12   0.88507  19982.68  36.68399     0.000     0.000  1099.281     0.151     0.081     1.251     0.000
   4   2   1  24   0.86736  19582.73  35.03241     0.003     0.002  2027.744     0.154     0.083     1.226     0.001
   3   2   3  24   0.86375  19501.24  34.70076     2.637     2.181  1994.201     0.154     0.084     1.221     0.793
   5   0   2  12   0.86050  19427.91  34.40369     0.753     0.573   982.185     0.155     0.084     1.216     0.111
   1   0   5  12   0.85666  19341.27  34.05449     3.311     2.301   964.782     0.156     0.085     1.211     0.482
   2   2   4  12   0.84819  19149.93  33.28994     0.016     0.004   927.164     0.157     0.086     1.199     0.002
   5   1   0  12   0.84116  18991.26  32.66298     0.640     0.676   896.812     0.158     0.087     1.189     0.086
   4   1   3  24   0.83579  18870.01  32.18826     0.007     0.008  1748.251     0.159     0.088     1.181     0.002
   3   1   4  24   0.83461  18843.43  32.08470     0.795     0.807  1738.420     0.160     0.088     1.180     0.208
   3   3   2  12   0.83284  18803.54  31.92966     2.928     3.021   861.874     0.160     0.088     1.177     0.380
   5   1   1  24   0.82591  18646.94  31.32492     2.187     2.339  1667.031     0.161     0.089     1.167     0.550
   4   2   2  24   0.81998  18513.12  30.81334     0.004     0.003  1619.687     0.162     0.090     1.159     0.001
   2   0   5  12   0.81666  18438.11  30.52869     0.020     0.009   796.798     0.163     0.091     1.154     0.002
   4   0   4  12   0.79748  18005.29  28.91611     0.000     0.005   724.569     0.167     0.094     1.127     0.000
   5   0   3  12   0.78715  17772.03  28.06878     2.197     2.397   687.742     0.169     0.095     1.113     0.228
   5   1   2  24   0.78469  17716.47  27.86927     0.654     0.641  1358.363     0.170     0.096     1.109     0.134
   2   1   5  24   0.78178  17650.70  27.63425     2.409     2.249  1338.304     0.170     0.096     1.105     0.486
   6   0   0   6   0.78056  17623.24  27.53650     0.030     0.030   332.499     0.171     0.097     1.103     0.002
   4   3   0  12   0.76994  17383.48  26.69246     0.466     0.532   629.537     0.173     0.098     1.088     0.044
   6   0   1  12   0.76833  17347.06  26.56577     0.000     0.000   624.278     0.173     0.099     1.086     0.000
   3   2   4  24   0.76491  17269.89  26.29862     0.692     0.871  1226.484     0.174     0.099     1.081     0.128
   3   0   5  12   0.76086  17178.56  25.98484     0.006     0.006   600.371     0.175     0.100     1.076     0.001
   4   3   1  24   0.75819  17118.25  25.77905     2.215     2.297  1183.968     0.176     0.100     1.072     0.395
   4   2   3  24   0.75578  17063.74  25.59402     0.053     0.033  1168.958     0.176     0.101     1.068     0.009
   5   2   0  12   0.74994  16931.91  25.15046     3.613     2.791   566.625     0.178     0.102     1.060     0.309
   4   1   4  24   0.74529  16826.89  24.80107     3.207     2.754  1105.393     0.179     0.103     1.054     0.534
   5   2   1  24   0.73907  16686.53  24.33972     0.021     0.022  1068.967     0.180     0.104     1.045     0.003
   6   0   2  12   0.73481  16590.43  24.02762     0.127     0.060   522.276     0.181     0.105     1.039     0.010
   5   1   3  24   0.72788  16433.90  23.52591     2.171     2.074  1005.681     0.183     0.106     1.029     0.329
   0   0   6   2   0.72614  16394.52  23.40103     0.074     0.061    83.006     0.183     0.106     1.026     0.001
   4   3   2  24   0.72593  16389.94  23.38653     0.611     0.511   994.963     0.184     0.106     1.026     0.092
   3   1   5  24   0.72362  16337.82  23.22215     2.319     1.969   982.368     0.184     0.107     1.023     0.343
   1   0   6  12   0.71756  16200.96  22.79504     0.778     0.699   474.930     0.186     0.108     1.014     0.056
   6   1   0  12   0.71421  16125.21  22.56151     0.700     0.795   466.109     0.187     0.109     1.010     0.049
   5   0   4  12   0.71019  16034.42  22.28433     0.570     0.505   455.700     0.188     0.110     1.004     0.039
   5   2   2  24   0.70910  16009.83  22.20977     2.630     2.636   905.820     0.188     0.110     1.002     0.359
   6   1   1  24   0.70480  15912.83  21.91788     1.909     1.815   884.066     0.189     0.111     0.996     0.254
   1   1   6  12   0.70129  15833.56  21.68192     3.106     2.593   433.289     0.190     0.111     0.991     0.203
   4   0   5  12   0.69903  15782.46  21.53110     0.078     0.067   427.723     0.191     0.112     0.988     0.005
   3   3   4  12   0.69440  15677.98  21.22581     2.633     2.542   416.509     0.192     0.113     0.982     0.165
   2   0   6  12   0.69356  15658.98  21.17075     0.025     0.023   414.493     0.192     0.113     0.980     0.002
   6   0   3  12   0.68754  15523.26  20.78149     0.000     0.000   400.308     0.194     0.114     0.972     0.000
   4   2   4  24   0.68689  15508.45  20.73946     0.031     0.026   797.565     0.194     0.114     0.971     0.004
   4   3   3  24   0.68025  15358.65  20.31921     1.919     2.033   767.191     0.196     0.116     0.962     0.222
   6   1   2  24   0.67866  15322.75  20.21984     0.807     0.745   760.043     0.196     0.116     0.959     0.092
   3   2   5  24   0.67678  15280.14  20.10259     2.117     1.756   751.623     0.197     0.116     0.957     0.240
   4   4   0   6   0.67599  15262.31  20.05377     0.149     0.123   187.030     0.197     0.117     0.956     0.004
   2   1   6  24   0.67181  15168.00  19.79760     0.675     0.561   729.799     0.198     0.118     0.950     0.074
   5   3   0  12   0.66905  15105.78  19.63065     0.475     0.634   358.949     0.199     0.118     0.946     0.026
   7   0   0   6   0.66905  15105.78  19.63065     0.628     0.839   179.474     0.199     0.118     0.946     0.017
   5   2   3  24   0.66634  15044.55  19.46793     0.015     0.016   706.327     0.200     0.119     0.942     0.002
   5   1   4  24   0.66574  15031.07  19.43232     0.517     0.551   703.799     0.200     0.119     0.941     0.055
   4   1   5  24   0.66307  14970.73  19.27391     0.004     0.004   692.566     0.201     0.119     0.937     0.000
   5   3   1  24   0.66130  14930.77  19.16983     1.661     1.764   685.200     0.201     0.120     0.935     0.172
   7   0   1  12   0.66130  14930.77  19.16983     1.545     1.641   342.600     0.201     0.120     0.935     0.080
   3   0   6  12   0.65840  14865.22  19.00065     2.448     2.419   336.623     0.202     0.121     0.931     0.124
   6   2   0  12   0.64947  14663.59  18.49199     0.002     0.040   318.726     0.205     0.123     0.918     0.000
   4   4   2  12   0.64562  14576.66  18.27827     0.051     0.164   311.235     0.206     0.123     0.913     0.002
   6   2   1  24   0.64237  14503.34  18.10066     0.113     0.128   610.040     0.207     0.124     0.908     0.010
   6   1   3  24   0.64090  14470.14  18.02105     1.601     1.640   604.473     0.208     0.124     0.906     0.146
   2   2   6  12   0.63971  14443.24  17.95690     0.154     0.166   299.995     0.208     0.125     0.904     0.007
   5   3   2  24   0.63957  14440.11  17.94945     0.552     0.600   599.470     0.208     0.125     0.904     0.050
   7   0   2  12   0.63957  14440.11  17.94945     0.720     0.782   299.735     0.208     0.125     0.904     0.033
   5   0   5  12   0.63799  14404.43  17.86494     1.650     1.881   296.783     0.209     0.125     0.902     0.074
   6   0   4  12   0.63446  14324.86  17.67858     0.135     0.179   290.280     0.210     0.126     0.897     0.006
   3   1   6  24   0.63382  14310.37  17.64494     0.509     0.600   578.214     0.210     0.126     0.896     0.044
   4   3   4  24   0.62872  14195.20  17.38116     0.384     0.453   559.823     0.212     0.127     0.889     0.032
   6   2   2  24   0.62239  14052.38  17.06263     0.085     0.050   537.629     0.214     0.129     0.880     0.007
   4   2   5  24   0.62094  14019.49  16.99064     0.191     0.150   532.614     0.215     0.129     0.878     0.015
   7   1   0  12   0.62033  14005.72  16.96064     2.288     2.213   265.262     0.215     0.129     0.877     0.091
   5   2   4  24   0.61769  13946.11  16.83184     2.270     2.240   521.549     0.216     0.130     0.873     0.178
   4   0   6  12   0.61709  13932.73  16.80317     0.052     0.051   259.775     0.216     0.130     0.872     0.002
   1   0   7  12   0.61698  13930.09  16.79753     1.703     1.649   259.579     0.216     0.130     0.872     0.067
   7   1   1  24   0.61413  13865.88  16.66117     0.001     0.003   509.651     0.217     0.131     0.868     0.000
   5   3   3  24   0.60767  13719.90  16.35844     1.452     1.593   488.524     0.219     0.132     0.859     0.107
   7   0   3  12   0.60767  13719.90  16.35844     1.361     1.493   244.262     0.219     0.132     0.859     0.050
   5   1   5  24   0.60519  13663.85  16.24489     1.585     1.662   480.589     0.220     0.133     0.855     0.115
   3   2   6  24   0.60163  13583.49  16.08471     0.541     0.631   469.382     0.221     0.134     0.850     0.038
   2   0   7  12   0.60152  13581.05  16.07989     0.147     0.172   234.522     0.222     0.134     0.850     0.005
   5   4   0  12   0.59964  13538.75  15.99687     0.466     0.700   231.614     0.222     0.134     0.848     0.016
   6   1   4  24   0.59726  13484.88  15.89237     0.556     0.619   455.899     0.223     0.135     0.844     0.038
   7   1   2  24   0.59661  13470.24  15.86421     1.825     2.104   453.923     0.223     0.135     0.843     0.125
   5   4   1  24   0.59404  13412.32  15.75380     1.375     1.448   446.165     0.224     0.135     0.840     0.092
   6   2   3  24   0.59288  13386.05  15.70425     0.199     0.192   442.680     0.225     0.136     0.838     0.013
   4   1   6  24   0.59194  13364.74  15.66431     2.184     2.104   439.868     0.225     0.136     0.837     0.145
   6   3   0  12   0.59005  13322.12  15.58505     1.769     2.091   217.142     0.226     0.136     0.834     0.058
   2   1   7  24   0.58716  13256.99  15.46558     1.753     1.606   425.852     0.227     0.137     0.830     0.113
   8   0   0   6   0.58542  13217.64  15.39438     0.047     0.069   105.205     0.228     0.137     0.828     0.001
   6   3   1  24   0.58471  13201.61  15.36558     0.005     0.009   418.781     0.228     0.138     0.827     0.000
   6   0   5  12   0.58140  13126.88  15.23295     0.000     0.000   204.689     0.229     0.138     0.822     0.000
   8   0   1  12   0.58021  13099.91  15.18572     0.360     0.212   203.012     0.230     0.139     0.820     0.011
   3   0   7  12   0.57815  13053.41  15.10510     0.003     0.002   200.145     0.230     0.139     0.817     0.000
   5   4   2  24   0.57814  13053.26  15.10484     0.954     0.657   400.272     0.230     0.139     0.817     0.058
   4   3   5  24   0.57697  13026.89  15.05957     1.905     1.624   397.046     0.231     0.139     0.816     0.114
   4   4   4  12   0.57436  12967.95  14.95957     0.282     0.292   194.955     0.232     0.140     0.812     0.008
   5   0   6  12   0.57389  12957.19  14.94149     0.430     0.415   194.308     0.232     0.140     0.811     0.013
   7   2   0  12   0.57216  12918.34  14.87665     0.395     0.366   191.988     0.233     0.141     0.809     0.011
   7   1   3  24   0.57047  12879.98  14.81331     0.002     0.002   379.436     0.234     0.141     0.806     0.000
   7   0   4  12   0.57009  12871.52  14.79943     0.604     0.643   189.220     0.234     0.141     0.806     0.017
   5   3   4  24   0.57009  12871.52  14.79943     0.481     0.512   378.440     0.234     0.141     0.806     0.027
   6   3   2  24   0.56953  12858.79  14.77861     1.781     1.990   376.945     0.234     0.141     0.805     0.101
   5   2   5  24   0.56841  12833.57  14.73759     0.009     0.008   373.997     0.234     0.141     0.803     0.000
   7   2   1  24   0.56729  12808.37  14.69689     1.388     1.649   371.067     0.235     0.142     0.802     0.078
   3   3   6  12   0.56546  12766.92  14.63057     1.956     1.963   183.144     0.236     0.142     0.799     0.054
   8   0   2  12   0.56536  12764.75  14.62713     0.078     0.079   183.019     0.236     0.142     0.799     0.002
   4   2   6  24   0.56138  12674.87  14.48609     0.085     0.079   355.837     0.237     0.143     0.794     0.005
   3   1   7  24   0.56129  12672.89  14.48302     1.570     1.445   355.614     0.237     0.143     0.793     0.084
   6   2   4  24   0.55783  12594.64  14.36328     0.059     0.082   346.912     0.239     0.144     0.789     0.003
   5   4   3  24   0.55426  12514.01  14.24273     1.298     1.326   338.113     0.240     0.145     0.783     0.066
   7   2   2  24   0.55339  12494.57  14.21409     0.383     0.355   336.017     0.241     0.145     0.782     0.019
   6   1   5  24   0.55237  12471.43  14.18023     1.428     1.359   333.535     0.241     0.145     0.781     0.072
   5   1   6  24   0.54966  12410.23  14.09178     0.494     0.439   327.036     0.242     0.146     0.777     0.024
   4   0   7  12   0.54958  12408.37  14.08911     0.285     0.253   163.420     0.242     0.146     0.777     0.007
   8   1   0  12   0.54815  12376.09  14.04313     0.402     0.390   161.726     0.243     0.146     0.775     0.010
   6   3   3  24   0.54665  12342.34  13.99554     0.006     0.007   319.938     0.244     0.146     0.773     0.000
   0   0   8   2   0.54460  12296.05  13.93105     0.396     0.345    26.264     0.245     0.147     0.770     0.002
   8   1   1  24   0.54386  12279.29  13.90791     1.484     1.466   313.450     0.245     0.147     0.769     0.070
   8   0   3  12   0.54297  12259.12  13.88024     0.351     0.271   155.698     0.245     0.147     0.768     0.008
   1   0   8  12   0.54096  12213.75  13.81861     0.568     0.479   153.406     0.246     0.148     0.765     0.013
   5   5   0   6   0.54079  12209.96  13.81350     2.116     1.815    76.608     0.246     0.148     0.764     0.024
   7   1   4  24   0.53904  12170.40  13.76052     1.992     1.821   302.479     0.247     0.148     0.762     0.091
   3   2   7  24   0.53857  12159.76  13.74637     1.465     1.319   301.422     0.247     0.148     0.761     0.067
PWDR PG3_45598.gsa Bank 1 MnO  Reflection List 
   h   k   l   m   d-space       TOF       wid     Fo**2     Fc**2     Icorr      Prfo     Trans      ExtP      I100 
   1   1   1   8   2.56652  57934.61 343.56381    14.555    12.951  3794.243     0.052     0.022     3.628   100.000
   2   0   0   6   2.22267  50174.78 257.74539     0.548     0.578  1600.696     0.060     0.025     3.142     1.587
   2   2   0  12   1.57166  35481.50 127.32436     0.623     0.494   800.348     0.085     0.037     2.222     0.903
   3   1   1  24   1.34032  30259.49  91.24631    13.389     9.394   846.649     0.099     0.045     1.895    20.527
   2   2   2   8   1.28326  28971.44  83.19334     0.389     0.422   237.140     0.104     0.048     1.814     0.167
   4   0   0   6   1.11133  25090.46  60.99284     0.282     0.361   100.044     0.120     0.058     1.571     0.051
   3   3   1  24   1.01983  23024.81  50.46811     8.686     6.815   283.780     0.131     0.066     1.442     4.463
   4   2   0  24   0.99401  22441.87  47.66513     0.219     0.309   256.111     0.134     0.069     1.405     0.102
   4   2   2  24   0.90740  20486.71  38.82037     0.237     0.264   177.855     0.147     0.078     1.283     0.076
   3   3   3   8   0.85551  19315.15  33.94955     7.409     4.943    46.843     0.156     0.085     1.209     0.628
   5   1   1  24   0.85551  19315.15  33.94955     7.409     4.943   140.528     0.156     0.085     1.209     1.885
   4   4   0  12   0.78583  17742.21  27.96160     0.199     0.193    50.022     0.170     0.096     1.111     0.018
   5   3   1  48   0.75140  16964.85  25.26078     5.867     3.586   167.256     0.177     0.102     1.062     1.777
   4   4   2  24   0.74089  16727.59  24.47399     0.133     0.165    79.047     0.180     0.104     1.047     0.019
   6   0   0   6   0.74089  16727.59  24.47399     0.133     0.165    19.762     0.180     0.104     1.047     0.005
   6   2   0  24   0.70287  15869.23  21.78782     0.168     0.141    64.028     0.190     0.111     0.994     0.020
   5   3   3  24   0.67791  15305.68  20.17278     3.081     2.601    55.405     0.197     0.116     0.958     0.309
   6   2   2  24   0.67016  15130.76  19.69748     0.108     0.121    52.916     0.199     0.118     0.947     0.010
   4   4   4   8   0.64163  14486.63  18.06054     0.105     0.103    14.821     0.208     0.124     0.907     0.003
   5   5   1  24   0.62247  14054.12  17.06645     3.229     1.887    39.387     0.214     0.129     0.880     0.230
   7   1   1  24   0.62247  14054.12  17.06645     3.229     1.887    39.387     0.214     0.129     0.880     0.230
   6   4   0  24   0.61646  13918.33  16.77241     0.086     0.088    37.886     0.216     0.130     0.871     0.006
   6   4   2  48   0.59403  13412.06  15.75331     0.072     0.075    65.335     0.224     0.135     0.840     0.008
   5   5   3  24   0.57873  13066.64  15.12794     2.427     1.369    29.430     0.230     0.139     0.818     0.129
   7   3   1  48   0.57873  13066.64  15.12794     2.427     1.369    58.859     0.230     0.139     0.818     0.259
   8   0   0   6   0.55567  12545.86  14.29001     0.048     0.055     6.253     0.240     0.144     0.785     0.001
   7   3   3  24   0.54308  12261.78  13.88388     1.256     0.993    22.821     0.245     0.147     0.768     0.052
   6   4   4  24   0.53908  12171.28  13.76169     0.052     0.047    22.155     0.247     0.148     0.762     0.002
   8   2   0  24   0.53908  12171.28  13.76169     0.052     0.047    22.155     0.247     0.148     0.762     0.002
PWDR PG3_45598.gsa Bank 1 Mn3Ga-mag_53  Reflection List 
   h   k   l   m   d-space       TOF       wid     Fo**2     Fc**2     Icorr      Prfo     Trans      ExtP      I100 
   1   1   0   4   4.68337 105693.65 1125.63904     2.561     2.272 71819.696     0.028     0.016     6.620    97.457
   0   2   0   2   4.68337 105693.65 1125.63904     0.000     0.000 35909.848     0.028     0.016     6.620     0.000
   0   0   1   2   4.35682  98327.66 976.66434     0.000     0.000 26894.073     0.031     0.016     6.159     0.000
   1   1   1   8   3.18994  72002.23 528.67233     6.104     5.824 30914.935     0.042     0.019     4.509   100.000
   0   2   1   4   3.18994  72002.23 528.67233     5.637     5.379 15457.468     0.042     0.019     4.509    46.180
   2   0   0   2   2.70395  61035.91 381.10871    10.305    10.457  3989.983     0.049     0.021     3.822    21.789
   1   3   0   4   2.70395  61035.91 381.10871     1.325     1.344  7979.966     0.049     0.021     3.822     5.603
   2   2   0   4   2.34169  52860.81 286.13471     0.063     0.061  4488.731     0.057     0.024     3.310     0.151
   0   4   0   2   2.34169  52860.81 286.13471     0.000     0.000  2244.365     0.057     0.024     3.310     0.000
   1   3   1   8   2.29745  51862.46 275.41989     0.007     0.010  8318.063     0.058     0.024     3.248     0.029
   2   0   1   4   2.29745  51862.46 275.41989     0.002     0.003  4159.032     0.058     0.024     3.248     0.004
   0   0   2   2   2.17841  49175.92 247.54461     0.138     0.106  1680.880     0.061     0.026     3.079     0.123
   2   2   1   8   2.06263  46563.01 221.77640     0.049     0.037  5404.159     0.065     0.027     2.916     0.141
   0   4   1   4   2.06263  46563.01 221.77640     0.032     0.024  2702.080     0.065     0.027     2.916     0.045
   0   2   2   4   1.97519  44589.51 203.19450     1.093     1.055  2272.207     0.067     0.028     2.792     1.316
   1   1   2   8   1.97519  44589.51 203.19450     0.798     0.770  4544.413     0.067     0.028     2.792     1.921
   3   1   0   4   1.77015  39961.57 162.60409     0.164     0.145  1465.708     0.075     0.032     2.502     0.127
   1   5   0   4   1.77015  39961.57 162.60409     0.685     0.607  1465.708     0.075     0.032     2.502     0.532
   2   4   0   4   1.77015  39961.57 162.60409     0.403     0.357  1465.708     0.075     0.032     2.502     0.313
   1   3   2   8   1.69637  38296.41 149.02814     1.438     1.400  2472.437     0.079     0.033     2.398     1.884
   2   0   2   4   1.69637  38296.41 149.02814     3.296     3.208  1236.219     0.079     0.033     2.398     2.159
   3   1   1   8   1.63996  37023.03 139.01557     0.306     0.322  2159.583     0.081     0.035     2.318     0.350
   1   5   1   8   1.63996  37023.03 139.01557     1.180     1.241  2159.583     0.081     0.035     2.318     1.350
   2   4   1   8   1.63996  37023.03 139.01557     1.045     1.099  2159.583     0.081     0.035     2.318     1.196
   2   2   2   8   1.59497  36007.56 131.26106     0.029     0.020  1932.183     0.084     0.036     2.255     0.029
   0   4   2   4   1.59497  36007.56 131.26106     0.001     0.000   966.092     0.084     0.036     2.255     0.000
   3   3   0   4   1.56112  35243.61 125.56216     1.208     1.174   886.663     0.085     0.037     2.207     0.567
   0   6   0   2   1.56112  35243.61 125.56216     0.000     0.000   443.331     0.085     0.037     2.207     0.000
   3   3   1   8   1.46963  33178.35 110.73805     0.000     0.001  1392.737     0.091     0.040     2.077     0.000
   0   6   1   4   1.46963  33178.35 110.73805     0.000     0.000   696.368     0.091     0.040     2.077     0.000
   0   0   3   2   1.45227  32786.59 108.02230     0.000     0.000   332.026     0.092     0.041     2.053     0.000
   1   1   3   8   1.38711  31315.77  98.10158     0.760     0.646  1105.316     0.096     0.043     1.961     0.445
   0   2   3   4   1.38711  31315.77  98.10158     1.102     0.938   552.658     0.096     0.043     1.961     0.323
   3   1   2   8   1.37378  31014.76  96.12500     0.150     0.122  1063.420     0.097     0.044     1.942     0.085
   1   5   2   8   1.37378  31014.76  96.12500     0.264     0.214  1063.420     0.097     0.044     1.942     0.149
   2   4   2   8   1.37378  31014.76  96.12500     0.257     0.209  1063.420     0.097     0.044     1.942     0.145
   4   0   0   2   1.35197  30522.56  92.93248     0.038     0.018   249.374     0.099     0.045     1.911     0.005
   2   6   0   4   1.35197  30522.56  92.93248     0.010     0.004   498.748     0.099     0.045     1.911     0.003
   3   5   0   4   1.29893  29325.29  85.37198     0.016     0.019   424.969     0.103     0.047     1.836     0.004
   4   2   0   4   1.29893  29325.29  85.37198     0.198     0.232   424.969     0.103     0.047     1.836     0.045
   1   7   0   4   1.29893  29325.29  85.37198     0.040     0.047   424.969     0.103     0.047     1.836     0.009
   4   0   1   4   1.29123  29151.46  84.29853     0.000     0.000   414.980     0.103     0.047     1.825     0.000
   2   6   1   8   1.29123  29151.46  84.29853     0.004     0.005   829.960     0.103     0.047     1.825     0.002
   1   3   3   8   1.27941  28884.67  82.66300     0.001     0.001   799.987     0.104     0.048     1.809     0.001
   2   0   3   4   1.27941  28884.67  82.66300     0.001     0.001   399.994     0.104     0.048     1.809     0.000
   3   3   2   8   1.26893  28647.95  81.22407     0.457     0.462   774.080     0.105     0.049     1.794     0.187
   0   6   2   4   1.26893  28647.95  81.22407     0.281     0.285   387.040     0.105     0.049     1.794     0.058
   3   5   1   8   1.24479  28103.06  77.95546     0.035     0.035   716.839     0.107     0.050     1.760     0.013
   4   2   1   8   1.24479  28103.06  77.95546     0.511     0.514   716.839     0.107     0.050     1.760     0.194
   1   7   1   8   1.24479  28103.06  77.95546     0.199     0.200   716.839     0.107     0.050     1.760     0.076
   0   4   3   4   1.23419  27863.80  76.53946     0.016     0.009   346.367     0.108     0.050     1.745     0.003
   2   2   3   8   1.23419  27863.80  76.53946     0.010     0.006   692.734     0.108     0.050     1.745     0.004
   4   4   0   4   1.17084  26433.83  68.32327     0.000     0.000   280.546     0.114     0.054     1.655     0.000
   0   8   0   2   1.17084  26433.83  68.32327     0.000     0.000   140.273     0.114     0.054     1.655     0.000
   2   6   2   8   1.14872  25934.52  65.55449     0.011     0.003   519.879     0.116     0.056     1.624     0.003
   4   0   2   4   1.14872  25934.52  65.55449     0.022     0.007   259.939     0.116     0.056     1.624     0.003
   4   4   1   8   1.13072  25528.18  63.33976     0.011     0.007   488.051     0.118     0.057     1.598     0.003
   0   8   1   4   1.13072  25528.18  63.33976     0.000     0.000   244.026     0.118     0.057     1.598     0.000
   3   1   3   8   1.12276  25348.44  62.37117     0.115     0.114   474.449     0.119     0.058     1.587     0.029
   1   5   3   8   1.12276  25348.44  62.37117     0.176     0.174   474.449     0.119     0.058     1.587     0.044
   2   4   3   8   1.12276  25348.44  62.37117     0.223     0.220   474.449     0.119     0.058     1.587     0.056
   3   5   2   8   1.11565  25188.01  61.51235     0.018     0.020   462.550     0.119     0.058     1.577     0.004
   4   2   2   8   1.11565  25188.01  61.51235     0.082     0.089   462.550     0.119     0.058     1.577     0.020
   1   7   2   8   1.11565  25188.01  61.51235     0.027     0.029   462.550     0.119     0.058     1.577     0.007
   0   0   4   2   1.08920  24590.91  58.36387     0.001     0.005   105.055     0.122     0.060     1.540     0.000
   5   1   0   4   1.07444  24257.59  56.63926     0.007     0.011   198.947     0.124     0.061     1.519     0.001
   3   7   0   4   1.07444  24257.59  56.63926     0.023     0.038   198.947     0.124     0.061     1.519     0.002
   2   8   0   4   1.07444  24257.59  56.63926     0.008     0.013   198.947     0.124     0.061     1.519     0.001
   3   3   3   8   1.06331  24006.42  55.35537     0.000     0.000   381.666     0.125     0.062     1.503     0.000
   0   6   3   4   1.06331  24006.42  55.35537     0.000     0.000   190.833     0.125     0.062     1.503     0.000
   0   2   4   4   1.06089  23951.76  55.07775     0.052     0.058   189.101     0.126     0.062     1.500     0.005
   1   1   4   8   1.06089  23951.76  55.07775     0.034     0.038   378.201     0.126     0.062     1.500     0.007
   5   1   1   8   1.04319  23552.06  53.06727     0.054     0.052   353.578     0.128     0.064     1.475     0.010
   2   8   1   8   1.04319  23552.06  53.06727     0.033     0.032   353.578     0.128     0.064     1.475     0.006
   3   7   1   8   1.04319  23552.06  53.06727     0.109     0.106   353.578     0.128     0.064     1.475     0.021
   4   4   2   8   1.03132  23284.13  51.73895     0.000     0.000   337.760     0.129     0.065     1.458     0.000
   0   8   2   4   1.03132  23284.13  51.73895     0.001     0.001   168.880     0.129     0.065     1.458     0.000
   4   6   0   4   1.02200  23073.70  50.70657     0.113     0.102   162.856     0.130     0.066     1.445     0.010
   5   3   0   4   1.02200  23073.70  50.70657     0.008     0.007   162.856     0.130     0.066     1.445     0.001
   1   9   0   4   1.02200  23073.70  50.70657     0.108     0.098   162.856     0.130     0.066     1.445     0.009
   1   3   4   8   1.01032  22810.02  49.42665     0.110     0.093   311.076     0.132     0.067     1.428     0.018
   2   0   4   4   1.01032  22810.02  49.42665     0.194     0.165   155.538     0.132     0.067     1.428     0.016
